FILE: gs250b-4
250 250 0
1 1822 1593 1010 1473 1741 1061 1930 1733 1921 1591 1290 1325 1551 1212 1709 1776 1402 1062 1925 1922 1319 1030 1489 1943 1758 1277 1838 1280 1644 1785 1260 1859 1328 1602 1793 1518 1939 1928 1590 1041 1890 1706 1774 1720 1841 1866 1317 1828 1886 1891 1985 1929 1248 1848 1861 1428 1269 1550 1487 1254 1974 1994 1169 1099 1978 1750 1444 1110 1042 1432 1280 1444 1032 1936 1005 1585 1586 1572 1519 1841 1253 1768 1809 1922 1393 1496 1308 1994 1618 1072 1112 1138 1058 1485 1612 1603 1227 1926 1543 1759 1773 1655 1005 1172 1901 1868 1479 1685 1735 1732 1360 1931 1410 1224 1055 1175 1180 1946 1164 1887 1312 1567 1786 1966 1048 1048 1464 1002 1432 1302 1826 1505 1262 1457 1428 1489 1960 1367 1846 1319 1643 1529 1542 1242 1169 1070 1536 1495 1442 1950 1421 1388 1765 1044 1736 1301 1503 1258 1253 1957 1862 1330 1187 1920 1044 1484 1868 1688 1575 1581 1913 1316 1073 1927 1422 1953 1249 1400 1225 1218 1417 1044 1724 1806 1298 1791 1348 1238 1388 1468 1166 1162 1687 1743 1674 1106 1061 1161 1298 1096 1021 1940 1643 1037 1193 1672 1015 1270 1275 1588 1249 1213 1750 1542 1376 1481 1138 1376 1163 1403 1074 1817 1044 1339 1985 1557 1492 1698 1661 1693 1350 1069 1476 1153 1156 1373 1577 1290 1991 1434 1780 1290 1890 1880 1492 1543 1338 1786 1418 1652 1879 
2 1955 1010 1339 1219 1386 1245 1742 1068 1004 1860 1597 1069 1312 1995 1028 1212 1726 1749 1206 1089 1675 1715 1200 1441 1589 1149 1100 1923 1224 1125 1178 1750 1349 1580 1366 1374 1346 1665 1849 1852 1727 1290 1030 1056 1127 1293 1669 1389 1786 1118 1467 1158 1051 1415 1880 1261 1942 1483 1438 1343 1306 1932 1362 1083 1584 1501 1747 1762 1735 1416 1102 1770 1334 1214 1527 1206 1396 1414 1297 1239 1925 1965 1154 1368 1757 1868 1070 1248 1700 1876 1775 1243 1512 1674 1822 1346 1750 1467 1476 1644 1020 1349 1205 1960 1658 1393 1061 1849 1373 1839 1717 1597 1886 1308 1464 1370 1089 1438 1926 1184 1773 1851 1788 1845 1426 1848 1318 1515 1168 1761 1957 1061 1324 1343 1768 1843 1683 1116 1010 1098 1972 1081 1641 1579 1569 1694 1006 1596 1999 1521 1511 1129 1224 1464 1558 1152 1289 1982 1512 1847 1319 1197 1999 1838 1428 1309 1306 1123 1553 1205 1161 1847 1761 1684 1686 1583 1033 1204 1789 1262 1093 1544 1795 1427 1276 1304 1575 1949 1998 1636 1976 1881 1837 1120 1817 1579 1766 1190 1241 1783 1568 1012 1705 1771 1965 1224 1375 1288 1490 1447 1233 1362 1635 1965 1652 1702 1304 1488 1733 1802 1105 1401 1186 1434 1513 1406 1031 1670 1431 1960 1903 1087 1181 1422 1240 1326 1465 1308 1139 1654 1310 1566 1163 1673 1547 1273 1864 1859 1843 1665 1333 
3 1056 1473 1219 1820 1900 1525 1610 1295 1463 1670 1279 1170 1625 1525 1582 1005 1850 1769 1750 1798 1573 1314 1922 1017 1233 1807 1754 1404 1990 1118 1086 1582 1018 1082 1841 1007 1786 1283 1789 1286 1229 1167 1353 1390 1219 1248 1095 1808 1243 1704 1061 1158 1689 1142 1616 1295 1653 1805 1942 1438 1666 1010 1850 1367 1257 1094 1066 1190 1744 1656 1636 1747 1174 1363 1622 1150 1812 1119 1735 1514 1078 1861 1060 1396 1356 1772 1539 1981 1561 1198 1358 1540 1887 1038 1901 1200 1627 1889 1421 1546 1490 1744 1094 1094 1300 1504 1598 1167 1501 1093 1892 1202 1364 1462 1327 1016 1305 1258 1776 1069 1225 1437 1904 1254 1265 1609 1269 1241 1902 1392 1379 1909 1772 1557 1389 1899 1139 1242 1573 1815 1418 1028 1236 1110 1642 1138 1226 1181 1301 1563 1694 1710 1442 1377 1264 1781 1448 1036 1266 1802 1388 1936 1192 1769 1367 1007 1029 1891 1755 1637 1620 1123 1723 1690 1721 1631 1982 1923 1900 1711 1136 1553 1941 1212 1542 1280 1900 1979 1111 1539 1484 1357 1922 1260 1896 1274 1086 1917 1802 1955 1742 1152 1594 1777 1609 1752 1580 1313 1989 1260 1275 1079 1636 1002 1445 1036 1386 1814 1058 1362 1963 1242 1799 1530 1873 1509 1305 1226 1770 1013 1778 1132 1227 1661 1131 1120 1299 1792 1327 1862 1796 1995 1055 1417 1659 1590 1417 1803 1364 1053 1766 
4 1101 1741 1386 1900 1744 1177 1366 1107 1140 1232 1017 1084 1291 1928 1306 1620 1867 1440 1649 1148 1050 1294 1760 1139 1068 1383 1730 1512 1091 1903 1348 1289 1401 1480 1830 1021 1224 1281 1621 1027 1153 1388 1410 1964 1552 1200 1020 1773 1852 1172 1345 1518 1148 1649 1955 1163 1002 1085 1568 1808 1853 1434 1011 1424 1951 1979 1840 1605 1206 1399 1283 1385 1876 1340 1643 1639 1489 1276 1833 1101 1900 1949 1199 1539 1909 1155 1271 1106 1325 1168 1619 1405 1894 1581 1459 1298 1998 1845 1166 1993 1522 1281 1350 1434 1802 1858 1656 1534 1068 1508 1939 1269 1264 1267 1973 1179 1683 1014 1347 1301 1297 1103 1714 1058 1197 1650 1029 1154 1061 1777 1961 1979 1037 1584 1104 1583 1955 1118 1173 1736 1285 1154 1814 1101 1725 1028 1208 1061 1851 1337 1106 1232 1707 1770 1465 1181 1774 1850 1336 1393 1187 1881 1155 1014 1647 1869 1106 1396 1891 1702 1696 1985 1170 1377 1216 1575 1598 1540 1229 1465 1823 1140 1749 1544 1878 1456 1268 1842 1669 1301 1279 1573 1956 1669 1465 1207 1279 1606 1199 1593 1698 1599 1509 1676 1782 1248 1181 1826 1728 1520 1139 1326 1041 1343 1760 1034 1663 1850 1295 1765 1958 1025 1035 1406 1478 1059 1385 1322 1890 1171 1507 1053 1993 1203 1678 1863 1212 1745 1031 1145 1490 1088 1825 1236 1981 1777 1904 1659 1444 1052 1505 
5 1331 1061 1245 1525 1177 1747 1953 1066 1761 1394 1375 1192 1777 1472 1844 1436 1809 1927 1316 1050 1256 1583 1750 1366 1981 1792 1772 1955 1444 1147 1175 1227 1530 1138 1565 1635 1579 1175 1920 1113 1665 1879 1348 1944 1651 1044 1814 1672 1050 1180 1144 1254 1220 1048 1053 1068 1936 1073 1506 1976 1855 1075 1178 1057 1915 1191 1300 1202 1202 1411 1670 1198 1299 1636 1115 1479 1676 1658 1175 1185 1122 1965 1302 1698 1776 1792 1349 1300 1771 1303 1630 1118 1028 1334 1333 1002 1238 1581 1573 1508 1549 1655 1850 1626 1001 1902 1219 1418 1240 1398 1926 1222 1528 1025 1809 1573 1603 1031 1240 1507 1401 1983 1890 1392 1181 1521 1095 1951 1079 1817 1107 1633 1626 1138 1016 1981 1266 1442 1611 1163 1388 1378 1975 1314 1925 1634 1091 1852 1034 1012 1234 1415 1901 1145 1439 1591 1188 1268 1821 1077 1174 1938 1032 1441 1097 1125 1629 1131 1744 1555 1644 1897 1823 1743 1133 1274 1129 1599 1980 1287 1061 1014 1745 1031 1497 1353 1835 1288 1578 1234 1779 1832 1417 1518 1883 1575 1279 1908 1056 1222 1243 1070 1082 1584 1902 1672 1121 1194 1111 1256 1715 1413 1330 1347 1094 1643 1576 1703 1045 1838 1536 1114 1140 1948 1857 1658 1601 1459 1147 1814 1571 1684 1724 1348 1093 1968 1638 1372 1563 1449 1998 1475 1941 1545 1143 1352 1507 1820 1678 1820 1438 
6 1377 1930 1742 1610 1366 1953 1905 1631 1983 1442 1699 1992 1535 1301 1333 1198 1354 1228 1309 1281 1251 1577 1702 1082 1991 1693 1073 1654 1709 1781 1461 1401 1119 1414 1501 1862 1793 1821 1183 1540 1293 1609 1304 1686 1438 1088 1124 1450 1491 1843 1272 1292 1537 1719 1420 1074 1842 1864 1775 1724 1475 1998 1899 1898 1967 1557 1899 1518 1293 1870 1525 1627 1959 1026 1191 1436 1471 1588 1464 1988 1975 1804 1045 1335 1337 1483 1775 1649 1460 1180 1702 1149 1104 1857 1728 1277 1998 1662 1882 1007 1530 1003 1741 1711 1780 1553 1033 1471 1201 1352 1952 1262 1704 1664 1216 1896 1446 1738 1406 1140 1097 1140 1605 1921 1865 1797 1876 1004 1064 1423 1615 1081 1498 1482 1298 1639 1459 1329 1661 1549 1600 1711 1844 1755 1483 1258 1530 1991 1062 1138 1608 1913 1908 1525 1392 1564 1435 1041 1928 1578 1922 1817 1422 1023 1600 1347 1320 1293 1605 1775 1061 1960 1048 1778 1053 1979 1023 1703 1888 1169 1791 1113 1333 1363 1955 1396 1128 1135 1895 1591 1124 1526 1236 1100 1782 1645 1646 1424 1587 1583 1734 1594 1376 1525 1330 1446 1147 1478 1942 1397 1346 1509 1645 1880 1187 1916 1209 1096 1035 1222 1734 1233 1360 1408 1578 1811 1329 1293 1851 1317 1533 1452 1268 1770 1906 1599 1638 1390 1352 1829 1764 1017 1117 1622 1042 1432 1436 1032 1544 1250 1489 
7 1941 1733 1068 1295 1107 1066 1631 1848 1531 1191 1816 1425 1769 1854 1843 1835 1411 1251 1874 1536 1566 1105 1064 1569 1068 1548 1636 1918 1526 1571 1649 1808 1547 1999 1199 1741 1763 1024 1944 1536 1834 1824 1371 1158 1076 1306 1704 1627 1873 1490 1854 1773 1530 1585 1337 1129 1715 1273 1540 1740 1164 1233 1264 1172 1782 1452 1938 1489 1822 1329 1410 1506 1268 1126 1727 1068 1113 1787 1812 1660 1654 1654 1428 1118 1488 1115 1363 1726 1351 1720 1208 1474 1453 1786 1671 1771 1477 1029 1802 1382 1895 1251 1052 1872 1744 1618 1570 1349 1543 1558 1639 1774 1481 1803 1665 1620 1550 1617 1620 1178 1777 1739 1341 1267 1198 1067 1606 1649 1752 1618 1374 1919 1731 1791 1114 1153 1952 1479 1614 1105 1312 1036 1185 1216 1866 1655 1663 1232 1105 1172 1118 1708 1573 1837 1671 1175 1484 1071 1335 1255 1509 1764 1268 1507 1361 1108 1370 1276 1364 1541 1608 1343 1645 1792 1983 1638 1102 1583 1552 1812 1825 1018 1396 1944 1102 1175 1961 1158 1678 1949 1656 1445 1430 1668 1129 1459 1096 1518 1126 1573 1233 1297 1330 1977 1048 1555 1097 1099 1261 1617 1493 1128 1662 1546 1526 1923 1507 1572 1005 1085 1426 1007 1899 1481 1979 1190 1636 1994 1529 1489 1219 1782 1594 1892 1590 1827 1312 1211 1122 1064 1199 1442 1679 1851 1849 1306 1112 1086 1714 1504 1628 
8 1729 1921 1004 1463 1140 1761 1983 1531 1659 1708 1925 1031 1402 1841 1495 1238 1536 1651 1018 1048 1262 1130 1228 1621 1504 1800 1184 1405 1552 1400 1334 1560 1901 1003 1286 1280 1430 1100 1687 1769 1586 1672 1124 1170 1726 1794 1448 1221 1271 1787 1422 1922 1834 1470 1117 1992 1976 1521 1940 1399 1736 1490 1714 1739 1615 1499 1715 1761 1141 1149 1070 1793 1699 1675 1422 1378 1758 1873 1263 1881 1170 1835 1862 1361 1689 1027 1162 1479 1360 1726 1580 1730 1951 1366 1104 1780 1067 1811 1595 1188 1117 1095 1697 1292 1770 1648 1271 1541 1087 1561 1744 1063 1953 1892 1301 1730 1985 1573 1296 1527 1569 1926 1822 1487 1175 1339 1822 1978 1618 1114 1653 1628 1407 1036 1517 1665 1853 1680 1657 1955 1085 1998 1724 1516 1618 1211 1231 1797 1664 1536 1485 1489 1798 1788 1919 1169 1171 1377 1217 1538 1905 1738 1149 1554 1842 1729 1512 1217 1285 1015 1097 1317 1901 1979 1067 1898 1446 1199 1677 1739 1448 1000 1727 1622 1523 1133 1652 1676 1479 1101 1669 1569 1852 1170 1872 1844 1036 1587 1696 1159 1680 1053 1640 1734 1470 1955 1669 1770 1999 1422 1196 1138 1839 1707 1051 1091 1501 1941 1336 1318 1425 1793 1589 1088 1659 1051 1145 1786 1383 1678 1112 1609 1937 1351 1864 1717 1506 1033 1456 1603 1119 1600 1874 1982 1121 1051 1516 1965 1769 1346 1816 
9 1809 1591 1860 1670 1232 1394 1442 1191 1708 1112 1387 1421 1015 1811 1182 1821 1069 1056 1727 1837 1591 1234 1623 1880 1185 1503 1979 1388 1770 1931 1610 1331 1667 1362 1087 1213 1223 1649 1640 1467 1272 1426 1476 1638 1181 1072 1518 1283 1793 1013 1115 1975 1033 1033 1738 1331 1462 1739 1211 1453 1554 1841 1487 1714 1992 1407 1524 1265 1747 1739 1270 1198 1234 1035 1308 1745 1318 1489 1170 1446 1460 1991 1879 1667 1774 1074 1722 1388 1279 1270 1806 1673 1143 1535 1419 1706 1167 1885 1726 1826 1327 1924 1840 1446 1628 1387 1787 1278 1069 1389 1406 1757 1983 1509 1713 1079 1554 1380 1756 1758 1773 1937 1497 1100 1630 1980 1753 1519 1803 1205 1717 1079 1657 1365 1110 1182 1795 1712 1475 1806 1979 1381 1651 1194 1676 1867 1967 1415 1022 1255 1179 1674 1488 1360 1674 1816 1015 1428 1990 1895 1922 1558 1173 1241 1340 1508 1997 1907 1481 1020 1588 1926 1504 1354 1483 1267 1263 1145 1647 1904 1734 1284 1485 1904 1371 1940 1380 1936 1206 1407 1790 1111 1948 1916 1430 1560 1884 1078 1572 1654 1839 1105 1000 1270 1001 1480 1641 1014 1874 1208 1415 1809 1151 1334 1324 1746 1780 1861 1317 1606 1014 1730 1967 1971 1715 1032 1477 1314 1703 1082 1065 1986 1427 1540 1240 1498 1738 1211 1017 1008 1044 1698 1591 1426 1640 1553 1504 1029 1476 1085 1844 
10 1002 1290 1597 1279 1017 1375 1699 1816 1925 1387 1159 1490 1491 1812 1460 1440 1961 1813 1118 1809 1860 1999 1211 1678 1494 1303 1885 1281 1660 1352 1714 1041 1147 1079 1475 1368 1987 1115 1628 1360 1973 1335 1266 1061 1491 1504 1829 1456 1186 1397 1355 1829 1499 1318 1562 1657 1604 1409 1522 1704 1775 1679 1231 1442 1717 1126 1835 1492 1894 1894 1810 1210 1376 1841 1867 1099 1249 1445 1872 1177 1110 1440 1548 1991 1680 1100 1257 1394 1069 1572 1634 1777 1724 1154 1352 1890 1587 1953 1808 1914 1499 1790 1002 1945 1378 1793 1399 1539 1206 1567 1047 1482 1349 1344 1736 1429 1255 1036 1481 1587 1042 1577 1110 1078 1024 1476 1235 1153 1701 1981 1384 1908 1235 1757 1592 1653 1963 1493 1207 1602 1956 1332 1217 1029 1175 1545 1864 1555 1236 1344 1823 1715 1335 1242 1749 1464 1351 1870 1447 1782 1658 1659 1464 1028 1689 1282 1372 1205 1768 1273 1540 1784 1253 1733 1653 1259 1515 1509 1784 1065 1787 1776 1279 1040 1415 1416 1253 1076 1533 1097 1962 1107 1715 1470 1852 1108 1607 1379 1543 1251 1090 1499 1555 1868 1005 1295 1029 1394 1955 1732 1254 1933 1233 1614 1253 1604 1404 1979 1232 1335 1558 1446 1159 1241 1784 1926 1259 1266 1888 1599 1710 1226 1880 1565 1315 1915 1277 1074 1429 1438 1733 1744 1939 1417 1052 1673 1554 1231 1083 1843 1202 
11 1943 1325 1069 1170 1084 1192 1992 1425 1031 1421 1490 1568 1739 1822 1078 1434 1571 1302 1899 1590 1020 1885 1343 1745 1899 1788 1268 1288 1657 1341 1175 1748 1105 1410 1056 1878 1296 1395 1525 1888 1950 1586 1883 1864 1328 1143 1293 1890 1982 1506 1686 1925 1252 1486 1598 1950 1960 1851 1551 1418 1162 1660 1170 1552 1404 1142 1669 1502 1361 1399 1872 1910 1274 1711 1422 1898 1099 1722 1342 1032 1764 1300 1587 1264 1439 1338 1766 1414 1236 1284 1669 1199 1239 1686 1770 1354 1266 1519 1356 1874 1274 1593 1439 1897 1820 1812 1105 1285 1466 1560 1463 1398 1555 1020 1844 1131 1251 1671 1407 1714 1249 1776 1810 1320 1070 1127 1104 1020 1342 1830 1501 1095 1975 1412 1175 1255 1624 1029 1759 1790 1375 1070 1675 1182 1026 1909 1979 1209 1895 1122 1859 1082 1550 1919 1442 1628 1365 1097 1081 1072 1319 1272 1765 1427 1933 1694 1810 1044 1755 1412 1493 1339 1305 1067 1777 1233 1875 1116 1797 1336 1105 1735 1242 1408 1722 1216 1313 1125 1369 1115 1391 1687 1912 1945 1094 1285 1150 1687 1855 1981 1311 1911 1696 1012 1264 1775 1351 1058 1836 1695 1382 1506 1149 1958 1459 1236 1381 1071 1454 1970 1856 1107 1508 1700 1868 1858 1714 1242 1158 1043 1601 1439 1422 1388 1041 1045 1793 1822 1760 1819 1670 1607 1101 1869 1825 1649 1191 1769 1172 1798 1178 
12 1477 1551 1312 1625 1291 1777 1535 1769 1402 1015 1491 1739 1132 1406 1682 1601 1967 1924 1132 1026 1020 1821 1123 1448 1249 1607 1479 1830 1963 1245 1147 1334 1173 1721 1602 1734 1461 1068 1904 1863 1772 1616 1076 1117 1034 1750 1951 1537 1017 1966 1135 1524 1333 1486 1275 1694 1986 1242 1244 1918 1377 1484 1438 1079 1168 1809 1813 1562 1919 1884 1842 1033 1889 1649 1024 1517 1931 1284 1127 1310 1860 1708 1794 1775 1221 1909 1693 1518 1856 1870 1851 1014 1169 1388 1338 1184 1514 1552 1945 1973 1590 1171 1031 1449 1263 1930 1177 1460 1722 1559 1810 1381 1368 1786 1460 1978 1343 1368 1794 1919 1114 1976 1096 1978 1005 1211 1335 1437 1098 1536 1489 1743 1397 1410 1281 1937 1664 1397 1972 1887 1839 1532 1377 1865 1445 1737 1764 1486 1887 1547 1778 1552 1046 1951 1057 1829 1080 1613 1698 1282 1840 1253 1219 1804 1795 1488 1180 1980 1894 1892 1125 1894 1243 1567 1987 1533 1026 1007 1620 1809 1574 1535 1622 1727 1971 1092 1092 1742 1123 1660 1478 1818 1689 1102 1187 1244 1770 1699 1098 1717 1788 1167 1638 1732 1427 1433 1581 1813 1076 1948 1222 1614 1653 1830 1090 1412 1236 1603 1840 1045 1393 1827 1504 1801 1627 1388 1730 1307 1838 1741 1188 1942 1208 1878 1791 1810 1417 1307 1881 1790 1593 1819 1046 1722 1909 1333 1722 1229 1223 1593 1224 
13 1226 1212 1995 1525 1928 1472 1301 1854 1841 1811 1812 1822 1406 1680 1991 1391 1644 1668 1322 1463 1394 1047 1721 1381 1109 1052 1588 1144 1692 1769 1770 1390 1204 1606 1783 1850 1114 1654 1354 1842 1459 1343 1077 1446 1928 1305 1438 1531 1415 1855 1021 1284 1061 1977 1149 1392 1323 1245 1766 1542 1100 1569 1812 1392 1452 1174 1911 1672 1923 1734 1608 1555 1036 1037 1979 1988 1949 1122 1861 1100 1840 1264 1509 1373 1022 1738 1946 1716 1349 1747 1786 1108 1912 1435 1827 1954 1586 1389 1180 1830 1441 1524 1216 1747 1553 1781 1126 1617 1246 1514 1356 1054 1299 1002 1717 1189 1147 1972 1434 1631 1607 1546 1931 1248 1159 1519 1616 1922 1316 1372 1473 1927 1116 1933 1705 1086 1259 1079 1253 1377 1929 1396 1428 1131 1830 1207 1480 1474 1461 1853 1346 1193 1174 1664 1388 1649 1032 1500 1387 1925 1008 1278 1579 1844 1552 1399 1010 1019 1058 1467 1001 1598 1267 1216 1988 1849 1125 1047 1541 1251 1145 1084 1817 1242 1782 1153 1251 1278 1878 1590 1752 1371 1683 1290 1194 1744 1507 1891 1471 1776 1510 1514 1916 1886 1683 1951 1352 1508 1536 1723 1548 1824 1538 1901 1390 1398 1820 1095 1520 1386 1197 1534 1732 1452 1019 1626 1919 1072 1899 1912 1833 1369 1833 1817 1454 1133 1757 1109 1242 1191 1069 1468 1056 1777 1135 1071 1017 1063 1334 1605 1103 
14 1502 1709 1028 1582 1306 1844 1333 1843 1495 1182 1460 1078 1682 1991 1649 1605 1753 1139 1351 1532 1263 1554 1800 1494 1249 1590 1900 1008 1972 1509 1228 1732 1789 1758 1385 1543 1527 1977 1585 1892 1051 1420 1024 1829 1811 1438 1048 1610 1647 1185 1668 1288 1640 1198 1439 1199 1279 1012 1240 1747 1737 1467 1986 1391 1527 1855 1803 1243 1328 1573 1697 1194 1255 1433 1249 1944 1363 1288 1365 1885 1652 1126 1618 1202 1371 1290 1201 1124 1888 1989 1040 1728 1921 1740 1082 1188 1398 1905 1298 1894 1732 1992 1432 1336 1798 1847 1022 1159 1386 1426 1728 1300 1414 1276 1504 1616 1681 1401 1627 1895 1446 1659 1141 1674 1603 1343 1720 1758 1750 1117 1501 1852 1920 1945 1911 1212 1253 1189 1013 1712 1410 1506 1420 1254 1983 1732 1284 1902 1705 1382 1415 1669 1731 1938 1042 1340 1766 1572 1262 1265 1338 1476 1700 1505 1978 1424 1408 1243 1602 1766 1549 1875 1873 1467 1880 1677 1816 1374 1575 1465 1482 1365 1418 1134 1928 1524 1897 1512 1302 1006 1227 1408 1321 1752 1838 1273 1897 1702 1357 1385 1231 1669 1613 1949 1119 1525 1705 1033 1778 1859 1647 1737 1957 1763 1646 1511 1625 1897 1517 1009 1009 1501 1287 1412 1266 1494 1515 1605 1578 1331 1344 1122 1934 1766 1843 1268 1399 1180 1646 1313 1138 1629 1430 1187 1982 1270 1266 1551 1821 1319 1369 
15 1678 1776 1212 1005 1620 1436 1198 1835 1238 1821 1440 1434 1601 1391 1605 1588 1199 1274 1037 1146 1035 1987 1984 1824 1148 1115 1473 1910 1711 1535 1196 1868 1213 1613 1044 1571 1906 1507 1310 1315 1863 1601 1536 1916 1832 1576 1401 1651 1521 1174 1574 1341 1487 1166 1922 1348 1269 1570 1984 1765 1934 1640 1129 1590 1686 1669 1280 1161 1693 1118 1636 1621 1799 1128 1281 1720 1258 1918 1089 1712 1168 1130 1845 1635 1743 1621 1963 1766 1092 1765 1736 1510 1652 1766 1494 1534 1941 1036 1610 1395 1775 1161 1725 1469 1616 1483 1129 1449 1203 1831 1684 1194 1124 1440 1201 1221 1478 1578 1684 1601 1295 1915 1338 1565 1859 1176 1749 1575 1603 1091 1151 1169 1716 1189 1167 1338 1133 1457 1958 1723 1053 1406 1160 1426 1655 1561 1526 1696 1150 1916 1690 1285 1838 1388 1933 1752 1331 1791 1385 1494 1577 1368 1553 1784 1864 1410 1584 1609 1451 1998 1175 1570 1975 1393 1522 1642 1307 1103 1237 1064 1994 1174 1620 1153 1964 1711 1193 1304 1627 1188 1920 1978 1050 1555 1997 1946 1348 1690 1631 1572 1953 1210 1718 1424 1918 1195 1806 1982 1906 1835 1280 1736 1031 1544 1143 1448 1195 1564 1324 1857 1086 1598 1908 1623 1490 1500 1195 1769 1076 1551 1992 1423 1301 1352 1057 1124 1610 1873 1081 1494 1562 1681 1132 1529 1060 1877 1959 1318 1335 1786 1060 
16 1455 1402 1726 1850 1867 1809 1354 1411 1536 1069 1961 1571 1967 1644 1753 1199 1828 1911 1932 1929 1647 1204 1391 1774 1739 1170 1384 1263 1441 1840 1195 1918 1564 1144 1445 1132 1664 1720 1803 1665 1663 1680 1799 1818 1469 1372 1669 1546 1754 1672 1606 1301 1550 1826 1359 1886 1809 1383 1552 1101 1598 1248 1662 1458 1071 1383 1028 1754 1884 1190 1832 1773 1202 1113 1428 1910 1963 1472 1948 1987 1548 1082 1576 1053 1512 1680 1405 1437 1540 1680 1277 1850 1279 1304 1523 1803 1206 1617 1992 1127 1174 1484 1292 1889 1820 1996 1639 1460 1466 1392 1228 1039 1674 1000 1519 1403 1125 1238 1366 1166 1965 1206 1368 1333 1273 1893 1373 1417 1821 1533 1529 1923 1767 1150 1785 1455 1444 1804 1258 1243 1906 1597 1368 1371 1377 1938 1144 1477 1265 1126 1611 1218 1901 1766 1666 1274 1649 1056 1339 1172 1555 1474 1863 1721 1179 1893 1445 1318 1779 1668 1140 1938 1493 1706 1760 1057 1683 1068 1189 1306 1086 1128 1040 1144 1944 1818 1043 1307 1758 1991 1076 1347 1823 1437 1250 1004 1205 1576 1937 1733 1312 1375 1175 1133 1719 1493 1328 1578 1401 1215 1426 1829 1025 1184 1083 1900 1473 1478 1403 1973 1232 1052 1775 1623 1825 1076 1975 1164 1924 1217 1458 1360 1313 1369 1281 1318 1357 1892 1526 1820 1119 1862 1656 1888 1800 1389 1702 1851 1646 1518 1680 
17 1715 1062 1749 1769 1440 1927 1228 1251 1651 1056 1813 1302 1924 1668 1139 1274 1911 1985 1748 1156 1093 1540 1703 1356 1498 1693 1988 1736 1265 1832 1749 1409 1893 1460 1989 1339 1078 1208 1148 1713 1234 1410 1996 1391 1767 1405 1366 1841 1886 1210 1746 1468 1251 1729 1285 1742 1209 1152 1221 1030 1922 1699 1273 1540 1162 1364 1031 1284 1050 1820 1869 1461 1525 1137 1414 1175 1822 1472 1105 1883 1744 1384 1868 1496 1001 1934 1445 1514 1407 1224 1402 1130 1209 1528 1351 1688 1337 1685 1416 1410 1842 1887 1475 1796 1322 1541 1207 1609 1601 1349 1477 1835 1454 1264 1093 1552 1651 1479 1462 1082 1107 1109 1174 1357 1413 1713 1053 1896 1536 1321 1703 1295 1967 1124 1075 1646 1094 1466 1095 1780 1090 1322 1877 1756 1085 1888 1557 1482 1917 1469 1273 1889 1233 1292 1336 1565 1225 1427 1103 1241 1782 1451 1603 1051 1342 1025 1432 1967 1217 1036 1957 1308 1685 1455 1360 1738 1615 1576 1549 1662 1920 1789 1469 1410 1612 1538 1843 1137 1742 1628 1883 1828 1004 1535 1987 1319 1292 1869 1966 1751 1973 1657 1825 1341 1188 1596 1634 1903 1927 1929 1519 1999 1187 1107 1298 1149 1978 1893 1807 1989 1468 1054 1430 1795 1040 1314 1881 1272 1547 1711 1755 1016 1548 1015 1890 1561 1804 1373 1065 1403 1809 1828 1069 1932 1652 1871 1666 1642 1973 1684 1496 
18 1567 1925 1206 1750 1649 1316 1309 1874 1018 1727 1118 1899 1132 1322 1351 1037 1932 1748 1315 1222 1438 1313 1631 1812 1465 1615 1245 1392 1530 1817 1038 1078 1496 1179 1148 1195 1675 1425 1959 1437 1960 1431 1655 1312 1133 1458 1144 1519 1334 1849 1599 1433 1256 1581 1427 1332 1079 1583 1928 1532 1680 1235 1441 1096 1148 1940 1240 1253 1141 1185 1976 1201 1108 1997 1944 1439 1916 1195 1945 1289 1901 1344 1043 1769 1891 1831 1981 1459 1217 1943 1547 1532 1251 1385 1666 1599 1502 1117 1505 1519 1797 1928 1371 1846 1585 1663 1669 1045 1888 1483 1734 1165 1933 1093 1775 1091 1004 1326 1756 1060 1528 1993 1456 1575 1944 1414 1523 1398 1373 1517 1776 1747 1635 1935 1555 1378 1620 1992 1391 1705 1578 1983 1778 1600 1324 1666 1332 1045 1915 1360 1119 1282 1821 1563 1419 1626 1116 1498 1734 1588 1734 1476 1292 1469 1300 1515 1852 1085 1599 1080 1074 1771 1174 1389 1248 1326 1123 1167 1655 1053 1599 1258 1343 1555 1058 1013 1602 1430 1783 1844 1922 1542 1710 1865 1696 1003 1097 1009 1486 1538 1062 1552 1089 1381 1516 1425 1224 1359 1534 1229 1091 1324 1686 1378 1608 1588 1359 1235 1582 1513 1613 1694 1619 1916 1585 1080 1041 1445 1984 1789 1591 1588 1707 1567 1215 1452 1103 1844 1689 1995 1920 1019 1396 1844 1463 1107 1001 1374 1999 1651 1337 
19 1184 1922 1089 1798 1148 1050 1281 1536 1048 1837 1809 1590 1026 1463 1532 1146 1929 1156 1222 1933 1317 1263 1646 1798 1055 1783 1674 1576 1259 1207 1366 1387 1812 1634 1682 1090 1434 1536 1811 1799 1232 1729 1383 1875 1864 1514 1185 1410 1217 1255 1530 1726 1016 1198 1950 1947 1251 1786 1348 1145 1854 1279 1285 1114 1508 1938 1550 1287 1012 1559 1666 1843 1096 1657 1490 1522 1100 1045 1574 1180 1419 1130 1424 1631 1123 1674 1328 1783 1661 1320 1908 1620 1039 1659 1041 1052 1406 1122 1319 1161 1428 1465 1700 1885 1371 1153 1497 1659 1296 1401 1377 1054 1271 1161 1516 1943 1004 1848 1561 1214 1810 1060 1577 1584 1312 1105 1608 1525 1788 1588 1030 1836 1560 1860 1334 1909 1346 1596 1516 1198 1966 1290 1711 1933 1324 1954 1239 1613 1054 1782 1709 1305 1754 1090 1357 1279 1202 1281 1245 1011 1469 1147 1506 1091 1322 1263 1270 1060 1843 1771 1441 1709 1654 1333 1973 1873 1656 1520 1807 1250 1700 1446 1117 1278 1080 1897 1033 1600 1269 1758 1489 1145 1792 1013 1353 1362 1654 1094 1492 1636 1215 1871 1947 1416 1935 1051 1842 1087 1878 1278 1216 1116 1400 1714 1407 1509 1907 1376 1171 1101 1103 1012 1161 1718 1635 1806 1956 1741 1532 1682 1265 1092 1346 1493 1491 1200 1415 1874 1279 1945 1132 1052 1242 1132 1644 1369 1487 1531 1884 1829 1117 
20 1991 1319 1675 1573 1050 1256 1251 1566 1262 1591 1860 1020 1020 1394 1263 1035 1647 1093 1438 1317 1327 1427 1360 1679 1405 1556 1482 1976 1960 1263 1136 1041 1652 1641 1309 1599 1733 1140 1524 1972 1090 1073 1443 1875 1953 1097 1542 1035 1191 1962 1000 1135 1594 1292 1469 1131 1041 1695 1881 1472 1975 1975 1930 1249 1078 1725 1421 1807 1558 1090 1101 1850 1958 1978 1159 1577 1878 1493 1041 1866 1542 1889 1729 1055 1589 1802 1152 1333 1012 1064 1881 1290 1644 1868 1758 1641 1102 1563 1627 1672 1591 1874 1813 1418 1470 1810 1509 1127 1003 1058 1733 1027 1180 1130 1995 1929 1029 1060 1353 1702 1320 1909 1994 1146 1066 1893 1009 1298 1734 1377 1508 1702 1562 1545 1746 1669 1894 1019 1396 1070 1942 1197 1648 1676 1879 1612 1269 1592 1660 1073 1297 1811 1496 1883 1512 1414 1371 1911 1354 1455 1514 1796 1427 1058 1235 1066 1266 1755 1027 1460 1501 1609 1342 1223 1098 1128 1946 1665 1805 1534 1262 1755 1492 1389 1606 1044 1509 1124 1721 1688 1745 1507 1513 1856 1527 1559 1405 1303 1020 1983 1200 1395 1290 1599 1878 1356 1676 1853 1216 1029 1638 1901 1643 1928 1726 1319 1244 1858 1838 1961 1309 1896 1416 1000 1335 1998 1734 1680 1896 1031 1939 1814 1272 1493 1007 1556 1260 1720 1257 1479 1059 1849 1583 1497 1645 1318 1069 1644 1536 1196 1137 
21 1268 1030 1715 1314 1294 1583 1577 1105 1130 1234 1999 1885 1821 1047 1554 1987 1204 1540 1313 1263 1427 1357 1112 1883 1642 1113 1070 1753 1553 1565 1928 1231 1870 1635 1827 1680 1649 1227 1348 1996 1790 1375 1675 1236 1780 1141 1558 1871 1561 1140 1335 1823 1042 1122 1823 1941 1294 1512 1327 1073 1964 1300 1583 1389 1925 1214 1880 1116 1705 1549 1176 1330 1724 1594 1465 1977 1867 1034 1187 1765 1425 1243 1960 1093 1938 1890 1417 1667 1973 1729 1429 1961 1357 1021 1486 1185 1911 1461 1537 1903 1206 1029 1049 1976 1379 1679 1583 1964 1529 1258 1651 1664 1744 1568 1160 1928 1267 1977 1194 1421 1853 1492 1442 1469 1832 1678 1037 1673 1917 1362 1092 1413 1292 1499 1718 1934 1005 1123 1797 1138 1193 1780 1302 1762 1185 1363 1432 1089 1996 1734 1356 1841 1266 1060 1839 1428 1145 1252 1540 1188 1186 1435 1244 1798 1758 1825 1837 1485 1013 1950 1285 1221 1945 1597 1398 1536 1570 1413 1678 1118 1749 1541 1012 1850 1697 1222 1500 1449 1708 1757 1207 1347 1120 1727 1099 1989 1055 1902 1972 1190 1965 1716 1628 1717 1525 1738 1103 1742 1879 1030 1208 1338 1804 1808 1179 1650 1789 1302 1710 1927 1591 1236 1155 1048 1276 1819 1169 1701 1290 1657 1589 1893 1584 1509 1815 1909 1329 1262 1487 1419 1247 1060 1736 1854 1098 1978 1778 1724 1341 1151 1161 
22 1038 1489 1200 1922 1760 1750 1702 1064 1228 1623 1211 1343 1123 1721 1800 1984 1391 1703 1631 1646 1360 1112 1517 1766 1408 1469 1366 1819 1372 1430 1228 1049 1065 1717 1746 1948 1241 1864 1410 1261 1529 1887 1964 1879 1383 1552 1222 1525 1639 1837 1309 1153 1949 1736 1868 1452 1895 1070 1259 1371 1033 1452 1288 1066 1681 1068 1486 1181 1706 1427 1478 1857 1109 1745 1478 1394 1678 1100 1426 1955 1495 1035 1804 1225 1581 1760 1681 1433 1454 1594 1983 1647 1883 1825 1548 1730 1625 1633 1991 1889 1419 1229 1898 1203 1019 1877 1394 1045 1553 1945 1612 1804 1987 1646 1095 1811 1965 1629 1651 1878 1825 1062 1718 1352 1057 1388 1740 1092 1991 1380 1610 1285 1992 1677 1692 1484 1952 1445 1470 1800 1350 1318 1344 1639 1664 1279 1604 1891 1419 1642 1126 1987 1659 1779 1802 1720 1101 1761 1252 1237 1778 1558 1843 1113 1445 1963 1537 1917 1512 1895 1623 1162 1815 1229 1836 1058 1977 1822 1913 1972 1666 1881 1113 1993 1510 1330 1730 1521 1962 1346 1131 1277 1895 1697 1349 1646 1205 1058 1769 1748 1207 1951 1927 1162 1099 1471 1963 1694 1287 1449 1758 1096 1834 1208 1274 1157 1839 1581 1153 1050 1997 1326 1076 1360 1152 1610 1943 1691 1103 1716 1377 1257 1449 1622 1608 1365 1762 1618 1254 1206 1859 1610 1031 1834 1460 1268 1928 1774 1013 1681 1877 
23 1138 1943 1441 1017 1139 1366 1082 1569 1621 1880 1678 1745 1448 1381 1494 1824 1774 1356 1812 1798 1679 1883 1766 1967 1665 1447 1662 1270 1390 1596 1585 1379 1471 1008 1752 1561 1195 1053 1866 1770 1024 1896 1287 1866 1039 1783 1289 1484 1484 1050 1170 1307 1057 1866 1145 1042 1109 1257 1391 1873 1410 1435 1196 1676 1639 1966 1575 1769 1240 1803 1290 1493 1824 1729 1662 1386 1752 1218 1094 1255 1065 1270 1702 1900 1421 1239 1963 1795 1183 1176 1787 1494 1327 1743 1925 1046 1316 1208 1099 1206 1608 1555 1795 1708 1937 1252 1084 1404 1044 1697 1415 1527 1996 1877 1756 1878 1763 1271 1015 1206 1196 1530 1121 1569 1077 1961 1701 1947 1382 1352 1727 1911 1431 1163 1070 1601 1060 1621 1342 1810 1493 1739 1949 1459 1048 1813 1754 1234 1357 1395 1255 1664 1238 1302 1694 1442 1877 1684 1987 1241 1494 1669 1893 1830 1121 1638 1335 1760 1674 1644 1252 1401 1957 1018 1923 1620 1769 1679 1143 1866 1756 1198 1170 1962 1177 1132 1840 1365 1228 1664 1776 1199 1095 1086 1065 1815 1375 1144 1341 1182 1039 1791 1663 1882 1577 1364 1097 1982 1492 1731 1408 1580 1796 1426 1775 1297 1666 1314 1924 1493 1910 1810 1594 1496 1405 1188 1738 1623 1168 1005 1370 1271 1198 1183 1455 1861 1774 1764 1760 1923 1328 1881 1060 1087 1593 1978 1619 1278 1138 1799 1341 
24 1890 1758 1589 1233 1068 1981 1991 1068 1504 1185 1494 1899 1249 1109 1249 1148 1739 1498 1465 1055 1405 1642 1408 1665 1984 1186 1495 1216 1429 1215 1442 1920 1756 1700 1237 1833 1975 1601 1540 1855 1249 1360 1734 1230 1172 1697 1644 1003 1544 1912 1782 1914 1807 1196 1517 1524 1794 1014 1068 1845 1949 1064 1737 1274 1678 1863 1286 1086 1973 1480 1861 1285 1987 1451 1372 1093 1699 1405 1734 1853 1330 1440 1874 1626 1668 1768 1913 1270 1964 1670 1430 1280 1534 1288 1213 1165 1754 1286 1393 1650 1579 1913 1391 1480 1252 1493 1559 1112 1365 1885 1939 1067 1909 1932 1036 1236 1498 1436 1016 1910 1399 1689 1232 1821 1528 1097 1493 1974 1084 1917 1966 1552 1960 1647 1135 1675 1591 1098 1708 1289 1407 1676 1895 1980 1523 1914 1942 1976 1855 1775 1347 1132 1286 1759 1654 1175 1060 1355 1230 1990 1051 1859 1944 1226 1064 1087 1129 1010 1832 1032 1768 1036 1844 1970 1273 1836 1696 1068 1797 1483 1078 1019 1459 1529 1094 1727 1408 1456 1040 1585 1110 1410 1317 1371 1796 1514 1622 1294 1442 1532 1081 1221 1215 1169 1477 1617 1771 1783 1230 1231 1335 1800 1286 1056 1936 1603 1571 1594 1737 1184 1158 1964 1848 1335 1828 1871 1525 1660 1145 1986 1173 1196 1730 1745 1058 1911 1886 1124 1123 1876 1212 1399 1824 1376 1383 1432 1390 1759 1747 1520 1417 
25 1285 1277 1149 1807 1383 1792 1693 1548 1800 1503 1303 1788 1607 1052 1590 1115 1170 1693 1615 1783 1556 1113 1469 1447 1186 1887 1327 1192 1773 1810 1931 1661 1318 1924 1534 1450 1860 1450 1840 1839 1891 1435 1653 1091 1075 1007 1721 1061 1067 1050 1348 1469 1310 1936 1819 1754 1090 1479 1164 1920 1638 1768 1280 1269 1546 1032 1969 1437 1290 1193 1898 1628 1144 1267 1022 1469 1249 1264 1504 1377 1136 1752 1661 1849 1475 1729 1963 1584 1340 1969 1621 1842 1752 1493 1802 1945 1809 1326 1977 1325 1159 1193 1470 1028 1113 1306 1707 1083 1172 1911 1213 1631 1249 1734 1886 1238 1380 1002 1577 1275 1177 1172 1503 1799 1840 1053 1539 1814 1979 1441 1899 1338 1045 1964 1260 1173 1645 1260 1838 1788 1522 1158 1465 1216 1483 1023 1193 1376 1056 1908 1446 1728 1154 1686 1268 1663 1537 1798 1688 1533 1334 1793 1735 1731 1432 1303 1130 1729 1994 1616 1203 1475 1886 1498 1038 1054 1317 1426 1408 1033 1440 1887 1509 1374 1228 1889 1031 1339 1380 1362 1604 1292 1556 1582 1138 1791 1712 1288 1098 1892 1820 1643 1245 1060 1758 1702 1862 1601 1638 1533 1014 1013 1377 1654 1863 1174 1762 1939 1565 1760 1816 1658 1796 1810 1737 1788 1419 1835 1181 1276 1338 1390 1191 1390 1065 1496 1534 1825 1026 1841 1740 1714 1150 1147 1617 1210 1759 1622 1525 1779 1297 
26 1893 1838 1100 1754 1730 1772 1073 1636 1184 1979 1885 1268 1479 1588 1900 1473 1384 1988 1245 1674 1482 1070 1366 1662 1495 1327 1197 1879 1930 1338 1373 1170 1545 1213 1043 1907 1180 1482 1579 1689 1417 1763 1521 1202 1773 1291 1322 1121 1610 1301 1816 1835 1605 1742 1695 1129 1311 1735 1780 1503 1829 1660 1365 1272 1140 1304 1408 1104 1111 1958 1864 1153 1716 1875 1930 1449 1506 1000 1490 1687 1847 1369 1537 1091 1968 1091 1853 1492 1348 1315 1731 1285 1472 1088 1024 1417 1483 1520 1291 1067 1773 1139 1330 1175 1029 1875 1877 1464 1780 1547 1756 1125 1968 1280 1250 1821 1567 1756 1987 1155 1805 1692 1119 1265 1994 1469 1064 1709 1510 1303 1614 1282 1966 1880 1669 1931 1081 1840 1387 1426 1310 1042 1038 1931 1737 1992 1329 1149 1280 1355 1493 1181 1735 1958 1921 1762 1685 1177 1606 1035 1813 1127 1206 1512 1644 1562 1980 1377 1253 1875 1389 1795 1963 1128 1660 1381 1573 1493 1055 1481 1140 1038 1172 1417 1847 1235 1020 1376 1995 1120 1178 1062 1641 1498 1802 1804 1921 1103 1766 1249 1583 1120 1721 1312 1766 1976 1353 1534 1555 1805 1618 1503 1337 1485 1230 1493 1506 1676 1206 1990 1525 1738 1715 1239 1897 1952 1042 1486 1062 1947 1937 1068 1764 1742 1123 1002 1901 1293 1255 1229 1413 1979 1110 1183 1217 1909 1282 1817 1734 1467 1174 
27 1768 1280 1923 1404 1512 1955 1654 1918 1405 1388 1281 1288 1830 1144 1008 1910 1263 1736 1392 1576 1976 1753 1819 1270 1216 1192 1879 1036 1000 1555 1795 1142 1055 1474 1165 1493 1074 1812 1133 1146 1943 1245 1166 1706 1313 1908 1086 1538 1100 1531 1771 1282 1054 1347 1581 1209 1823 1527 1153 1446 1407 1445 1740 1595 1409 1550 1733 1794 1992 1111 1525 1736 1953 1642 1391 1675 1803 1261 1506 1974 1281 1790 1798 1190 1193 1852 1755 1266 1992 1771 1872 1825 1992 1539 1868 1127 1641 1631 1359 1701 1742 1966 1108 1194 1037 1775 1543 1459 1061 1672 1673 1422 1668 1697 1074 1757 1133 1627 1094 1894 1252 1322 1931 1403 1319 1394 1752 1268 1414 1982 1496 1108 1894 1910 1524 1841 1488 1011 1769 1865 1917 1900 1550 1241 1438 1972 1694 1953 1211 1913 1131 1741 1913 1500 1619 1564 1482 1976 1747 1205 1421 1775 1879 1062 1553 1885 1199 1651 1632 1625 1499 1855 1731 1116 1883 1444 1799 1241 1031 1905 1296 1353 1183 1110 1316 1531 1506 1851 1107 1656 1988 1780 1385 1089 1521 1770 1351 1241 1339 1256 1825 1795 1443 1550 1396 1892 1199 1701 1992 1034 1740 1897 1786 1999 1346 1959 1833 1549 1442 1961 1353 1211 1392 1489 1061 1909 1720 1593 1454 1729 1932 1941 1455 1608 1592 1225 1333 1211 1805 1340 1286 1790 1759 1368 1614 1308 1498 1904 1869 1593 1560 
28 1746 1644 1224 1990 1091 1444 1709 1526 1552 1770 1660 1657 1963 1692 1972 1711 1441 1265 1530 1259 1960 1553 1372 1390 1429 1773 1930 1000 1908 1827 1659 1489 1236 1125 1052 1049 1559 1512 1746 1652 1942 1057 1219 1312 1498 1458 1790 1341 1984 1853 1306 1915 1240 1144 1299 1217 1857 1609 1273 1218 1992 1092 1269 1590 1728 1534 1376 1813 1893 1155 1331 1987 1736 1041 1878 1398 1376 1427 1026 1346 1419 1472 1880 1289 1659 1776 1190 1827 1264 1449 1274 1543 1356 1003 1481 1259 1385 1840 1832 1713 1215 1632 1020 1204 1318 1363 1404 1229 1984 1318 1163 1647 1955 1805 1261 1400 1395 1880 1392 1316 1588 1870 1541 1042 1282 1962 1338 1619 1087 1653 1841 1737 1816 1322 1924 1214 1202 1736 1914 1705 1870 1736 1634 1198 1989 1914 1511 1311 1504 1539 1908 1926 1356 1537 1331 1196 1585 1780 1664 1450 1746 1487 1105 1028 1518 1010 1937 1585 1932 1777 1805 1882 1113 1694 1653 1605 1946 1767 1973 1244 1574 1241 1524 1553 1128 1020 1181 1638 1609 1669 1063 1187 1304 1767 1609 1885 1672 1888 1734 1544 1083 1009 1756 1975 1324 1608 1217 1133 1286 1241 1272 1576 1722 1881 1805 1751 1497 1796 1911 1161 1230 1253 1922 1923 1736 1818 1616 1763 1164 1553 1772 1971 1262 1863 1728 1352 1645 1305 1101 1702 1498 1117 1313 1840 1598 1760 1097 1728 1083 1249 1622 
29 1711 1785 1125 1118 1903 1147 1781 1571 1400 1931 1352 1341 1245 1769 1509 1535 1840 1832 1817 1207 1263 1565 1430 1596 1215 1810 1338 1555 1827 1857 1557 1408 1406 1046 1878 1674 1273 1408 1010 1288 1403 1106 1674 1962 1539 1749 1014 1863 1888 1103 1083 1282 1726 1384 1585 1528 1351 1541 1667 1696 1393 1427 1018 1469 1040 1270 1085 1610 1185 1350 1669 1300 1033 1286 1686 1980 1217 1841 1373 1842 1923 1652 1731 1648 1081 1790 1470 1009 1140 1555 1246 1797 1466 1411 1473 1834 1887 1478 1488 1531 1420 1470 1348 1610 1713 1501 1046 1587 1226 1655 1424 1159 1698 1729 1564 1160 1905 1062 1935 1230 1274 1841 1088 1869 1347 1810 1170 1016 1663 1766 1039 1829 1061 1775 1267 1798 1947 1483 1810 1867 1560 1459 1618 1716 1756 1949 1987 1849 1359 1973 1905 1663 1586 1148 1202 1137 1608 1156 1762 1306 1741 1266 1599 1174 1343 1806 1058 1226 1899 1995 1938 1188 1368 1050 1810 1195 1300 1957 1313 1026 1755 1830 1713 1561 1569 1252 1500 1110 1977 1513 1307 1777 1152 1139 1933 1519 1659 1634 1756 1039 1386 1832 1299 1197 1958 1759 1261 1060 1186 1430 1761 1284 1566 1468 1097 1958 1367 1965 1804 1574 1341 1476 1270 1285 1581 1577 1714 1096 1559 1863 1801 1162 1884 1818 1666 1822 1793 1445 1641 1556 1930 1077 1456 1498 1418 1258 1203 1670 1785 1126 1841 
30 1601 1260 1178 1086 1348 1175 1461 1649 1334 1610 1714 1175 1147 1770 1228 1196 1195 1749 1038 1366 1136 1928 1228 1585 1442 1931 1373 1795 1659 1557 1740 1171 1522 1465 1369 1804 1519 1423 1747 1626 1042 1301 1523 1811 1719 1275 1493 1502 1023 1711 1700 1636 1429 1823 1096 1099 1580 1295 1281 1609 1244 1540 1372 1256 1342 1734 1516 1076 1833 1293 1086 1589 1733 1943 1092 1698 1044 1046 1833 1850 1889 1333 1324 1879 1620 1695 1538 1420 1188 1209 1971 1317 1552 1024 1590 1920 1412 1292 1675 1679 1048 1785 1593 1948 1534 1357 1034 1398 1133 1909 1744 1946 1124 1009 1284 1608 1870 1834 1840 1186 1388 1573 1626 1185 1210 1966 1905 1882 1824 1117 1158 1930 1460 1257 1442 1431 1513 1594 1448 1863 1385 1916 1316 1775 1023 1111 1720 1656 1932 1238 1256 1888 1950 1328 1675 1179 1570 1561 1982 1393 1073 1972 1932 1178 1272 1350 1963 1297 1141 1484 1090 1073 1106 1404 1792 1852 1286 1791 1425 1887 1460 1187 1192 1552 1052 1194 1202 1296 1891 1284 1645 1237 1062 1397 1620 1804 1595 1984 1644 1336 1299 1640 1374 1042 1506 1989 1574 1228 1016 1980 1852 1198 1019 1244 1215 1734 1275 1676 1947 1565 1337 1892 1872 1727 1100 1716 1501 1218 1444 1362 1126 1869 1271 1457 1367 1813 1703 1569 1217 1480 1728 1394 1109 1515 1077 1251 1044 1521 1607 1058 1308 
31 1046 1859 1750 1582 1289 1227 1401 1808 1560 1331 1041 1748 1334 1390 1732 1868 1918 1409 1078 1387 1041 1231 1049 1379 1920 1661 1170 1142 1489 1408 1171 1978 1425 1797 1707 1902 1035 1511 1864 1741 1967 1209 1751 1749 1108 1795 1463 1720 1322 1435 1720 1338 1527 1958 1796 1008 1333 1558 1530 1443 1406 1336 1829 1791 1201 1713 1554 1589 1240 1242 1216 1315 1565 1849 1363 1832 1550 1039 1098 1487 1709 1098 1589 1171 1656 1821 1031 1096 1895 1789 1913 1585 1565 1741 1037 1660 1821 1067 1176 1689 1996 1944 1777 1901 1201 1156 1623 1023 1522 1135 1855 1841 1471 1231 1261 1959 1840 1774 1241 1526 1625 1927 1349 1240 1166 1889 1824 1372 1168 1463 1011 1136 1754 1519 1086 1138 1203 1399 1976 1232 1541 1778 1905 1524 1631 1017 1440 1837 1916 1549 1478 1395 1489 1318 1051 1020 1616 1802 1374 1625 1405 1660 1029 1269 1742 1529 1709 1575 1179 1002 1401 1776 1908 1317 1447 1185 1492 1792 1360 1350 1507 1536 1824 1701 1737 1465 1762 1947 1107 1157 1903 1020 1975 1574 1732 1836 1972 1191 1245 1664 1020 1545 1405 1379 1703 1759 1713 1378 1641 1052 1790 1446 1012 1779 1395 1351 1900 1026 1758 1445 1611 1288 1659 1064 1606 1279 1152 1988 1236 1378 1325 1766 1896 1764 1030 1169 1791 1765 1966 1565 1943 1447 1028 1481 1615 1981 1336 1158 1790 1815 1843 
